0.06205374
0.46518207
0.24399292
0.48385882
0.22030628
0.11122292
0.87413245
0.9752178
0.717322
0.097278416
0.28325045
0.258259
0.56405425
0.078618646
0.87723434
0.6072224
0.45083797
0.00037825108
0.24171275
0.37495673
0.027970552
0.61478275
0.59472716
0.5617929
0.52105355
0.5711989
0.04436797
0.45057696
0.8251887
0.90909535
0.6525654
0.05601889
0.8150713
0.933428
0.25011277
0.46753633
0.52055955
0.7745201
0.21759266
0.106301665
0.93062764
0.5455818
0.48571002
0.82425
0.7817028
0.5124959
0.62756634
0.4109019
0.8722748
0.6208464
0.8622245
0.5582237
0.95507085
0.8164659
0.36004716
0.84966004
0.6700039
0.47804612
0.5448426
0.4798897
0.5129383
0.9503845
0.5925847