0.12847686
0.97685784
0.43510878
0.5557913
0.039600015
0.7489255
0.93620116
0.9324274
0.010164022
0.68999773
0.4361484
0.4129216
0.6974513
0.08789015
0.5649618
0.50324583
0.46818185
0.5354003
0.9440348
0.78909075
0.8100598
0.29494315
0.022515595
0.8230185
0.5913457
0.9078202
0.45985854
0.29972726
0.015391946
0.48516834
0.48969746
0.31168878
0.8011681
0.8034136
0.5424597
0.19371057
0.18485767
0.42139024
0.6560262
0.39589804
0.4934134
0.03146887
0.7172305
0.060261846
0.12504792
0.99405074
0.4597394
0.20355034
0.88518393
0.028427899
0.9447365
0.95446104
0.7370132
0.31018418
0.6777327
0.27069086
0.4321549
0.12567574
0.7372117
0.4489116
0.5466085
0.27825904
0.48148686
